    11    11      11      
    11    11  11  11      
33111111  11      111     
33111111  11  22  111     
333333    11  11  11   11 
333333        11       11 
3355555555555555555555  55
3355555555555555555555  55
  11                      
  11        1111          
    11     111111111112222
    11     11111  11      
1111  11   111113311    11
1111  11   111113311222211
      22      33333333    
      22  22  33333333    
5555  5555555555  55555555
5555  5555555555  55555555
3333   1                  
3333   1    1111          
333311  1      1      11  
333311  1      1  221111  
33  11  1         11  11  
332211  1  1111       11  
           1  1       11  
           1  1   11      